	Iozone: Performance Test of File I/O
	        Version $Revision: 3.465 $
		Compiled for 64 bit mode.
		Build: linux-AMD64 

	Contributors:William Norcott, Don Capps, Isom Crawford, Kirby Collins
	             Al Slater, Scott Rhine, Mike Wisner, Ken Goss
	             Steve Landherr, Brad Smith, Mark Kelly, Dr. Alain CYR,
	             Randy Dunlap, Mark Montague, Dan Million, Gavin Brebner,
	             Jean-Marc Zucconi, Jeff Blomberg, Benny Halevy, Dave Boone,
	             Erik Habbinga, Kris Strecker, Walter Wong, Joshua Root,
	             Fabrice Bacchella, Zhenghua Xue, Qin Li, Darren Sawyer,
	             Vangel Bojaxhi, Ben England, Vikentsi Lapa,
	             Alexey Skidanov.

	Run began: Thu Sep 22 11:17:58 2016

	O_DIRECT feature enabled
	Auto Mode
	Command line used: /root/iozone -I -a
	Output is in kBytes/sec
	Time Resolution = 0.000001 seconds.
	Processor cache size set to 1024 kBytes.
	Processor cache line size set to 32 bytes.
	File stride size set to 17 * record size.
                                                              random    random     bkwd    record    stride                                    
              kB  reclen    write  rewrite    read    reread    read     write     read   rewrite      read   fwrite frewrite    fread  freread
              64       4    20189    24260    11136    17817    17802    23038     9686     24269     11816   831569  1232453  2006158  2772930
              64       8    37958    40815    25548    29344    28035    38464    19595     40428     14094   998622  1452528  2298136  2923952
              64      16    61783    67790    38050    45330    41184    66529    40156     63238     27549  1033216  1638743  2203800  2772930
              64      32    96984   110339    37937    71989    71816   101610    31312     99243     41420  1183548  2006158   952555  2358717
              64      64   157181   140925   113273   111300   106657   141893    59103    140335     41612  1124074  1722886  1336792  1392258
             128       4    21202    24907    12972    18267    18280    24854    17287     24858     14474  1000121  1455701  2673584  3036502
             128       8    35632    40814    21301    28101    28502    39239    25136     40074     23421  1102844  1637771  3053774  3560017
             128      16    61064    63846    32461    42667    50773    64097    39543     67219     33282  1266785  1778862  2969325  3468030
             128      32    95226   103487    32478    74984    73475   105190    44031    101760     34585  1306873  2066432  2673584  2905056
             128      64   142074   147987    69070   111596   110813   145936    97634    154771     68480  1196221  2058509  2098744  2132084
             128     128   188190   194532   166223   158238   152571   188786   132632    188786     87242  1229084  1967960  1424795  1373754
             256       4    21104    24987    14734    18272    17875    24613    15750     24448     16623   992545  1591186  3087188  3285566
             256       8    36670    40462    23743    28166    27938    40011    21211     40372     22600  1185399  1790149  3410808  3756894
             256      16    62976    66268    36404    44724    46002    66788    34482     67088     39894  1230218  1662639  3465855  3823789
             256      32    95880   106895    42278    72521    72277   106980    50107    106672     60588  1280084  2049885  3207059  3511189
             256      64   148659   156755    82229   116308   114023   150156    48111    154499     62073  1292410  1652404  2557711  2665657
             256     128   182212   193334   113481   158912   157930   191780    94571    189178    109780  1254656  2223962  2170027  2081678
             256     256   243103   290294   231070   230179   226346   275261    84401    273230    123307  1479379  2413957  1532153  1398455
             512       4    21519    24969    15800    17991    17821    24833    16227     24721     16659  1040545  1546280  2830083  3415178
             512       8    37711    39733    25590    27900    28263    40074    24114     39773     26995  1152822  1842059  3659616  3279573
             512      16    60728    66946    37594    45130    46873    67868    34269     66640     35278  1213400  1842059  3710197  3877684
             512      32    95554   106091    52416    73678    71971   107423    57309    106915     64949  1344020  2073249  3710197  3877684
             512      64   144925   156137    90478   115395   118679   152750    91871    158957     97862  1267097  1924603  2796910  2860238
             512     128   191111   182658   127675   155436   154076   199454   115600    192034    124847  1509330  2022482  2509312  2638816
             512     256   254236   281607   123108   217119   216943   274410   126951    275855    171458  1230786  2265742  2014892  1933266
             512     512   253965   340017   286376   298352   277065   342949   191760    337718    211121  1387437  2105777  2207515  2497638
            1024       4    21245    24945    16127    17288    16576    24648    15519     24676     15218  1081363  1612342  3304314  3291652
            1024       8    39359    40172    24963    26611    26131    40015    23710     40068     25082  1199106  1809317  3849207  3984917
            1024      16    60855    66274    38951    42503    41744    66398    39613     66432     36021  1297649  1896395  3955557  3894582
            1024      32    97451   106944    55279    67832    67537   107181    60122    107732     59844  1280243  2008114  3984917  3751699
            1024      64   146053   158586    92828   109647   106467   155317    90956    154869    103906  1281389  1889720  3348104  3556008
            1024     128   190829   198145   136918   154635   155954   198145   132659    199963    121152  1314729  1900591  3229770  3181915
            1024     256   256373   277958   178586   231937   222079   274301   146491    276456    202652  1400926  1872419  2528227  2450338
            1024     512   322304   337156   270620   279024   279314   330539   275852    334973    184406  1289855  1976691  2659742  2646630
            1024    1024   285307   309931   322328   324962   319999   384103   263110    389220    250803  1345623  2052253  2820430  2837198
            2048       4    21443    25087    16669    16914    15253    25347    14755     25035     15129  1070022  1594920  3292669  3324528
            2048       8    37650    39968    25217    25547    23932    40418    23906     40132     23502  1165715  1818820  3710866  3730203
            2048      16    60368    66993    38950    39513    38522    66220    37660     66915     38105  1255690  1875611  4038890  4162181
            2048      32    98760   107366    59853    62570    63147   107365    63089    107157     62604  1219675  1894223  3821475  3922692
            2048      64   146684   156562    92611   100614   100486   156192   100619    154729     91941  1305301  1865023  3513544  3626272
            2048     128   195306   198314   130870   133343   134128   198488   132096    198332    143969  1293702  1872340  3413030  3372826
            2048     256   266844   276418   197017   208045   208045   277132   204386    275082    180204  1187799  1710867  2578935  2543804
            2048     512   310725   306402   256027   275002   273174   314019   257154    300296    269405  1343057  1715309  2797290  2840769
            2048    1024   338949   367628   259015   315715   307973   376540   319401    368353    333708  1203947  2064488  2691246  2626244
            2048    2048   391737   381659   391059   375437   346706   396437   328942    387583    382236  1313685  1984824  2534797  2525110
            4096       4    21324    24751    16769    16652    14429    24856    14406     24923     14643  1089968  1574285  3103408  3408159
            4096       8    37860    39937    25556    25732    23846    40930    23171     40285     23617  1157688  1732050  3561476  3893185
            4096      16    60732    66926    39522    39628    37691    66253    37998     66248     38181  1237849  1876390  3656998  4096486
            4096      32    97630   107073    61723    63317    62315   106808    62598    108202     62793  1182144  1784772  3430618  3859945
            4096      64   145718   157464   101363   101672   101365   154083    95449    154659     97380  1258339  1788674  3439547  3621537
            4096     128   190175   198018   131950   135310   132987   199367   129784    198623    134049  1260740  1786999  3454069  3646906
            4096     256   266508   278037   185474   205767   202411   275398   187287    276271    224313  1211829  1671062  3228203  3316701
            4096     512   302532   330644   255550   265146   261589   319954   248393    319805    246109  1163963  1542205  2519114  2698349
            4096    1024   339665   366661   303945   314691   313485   362224   316733    368779    327786  1394605  1739944  2582737  2880206
            4096    2048   350175   381488   309481   374168   378880   382763   315853    378487    331876  1304489  2416702  2479127  2618960
            4096    4096   363796   361583   393927   389806   399728   381556   340392    374306    345651  1309061  1860137  2406546  2420789
            8192       4    19683    24906    16538    16563    14299    25120    14137     25000     14554  1102694  1446859  2510611  2763857
            8192       8    37267    40003    25660    25420    23242    39671    23090     40005     23286  1222861  1603436  2887420  3097200
            8192      16    60142    65815    40089    39863    38050    66232    37845     65872     38218  1285831  1710903  2986555  3273040
            8192      32    96570   105262    63098    63270    63344   106569    62254    106715     63356  1307408  1761332  3044239  3297857
            8192      64   143759   156136    99079   102403   101359   153080    99663    154779    100319  1279796  1716973  2929767  3040737
            8192     128   190395   198864   132873   133834   132959   198165   131126    197074    131670  1289644  1727504  2975692  3098317
            8192     256   262100   186144   180420   202923   201396   275010   193861    273504    200406  1201691  1606886  2806524  2914360
            8192     512   312563   323322   259092   265275   263857   311010   257594    317763    277967  1181729  1561891  2630550  2658845
            8192    1024   347574   360975   310585   316085   314399   359995   304297    348522    342761  1238956  1594359  2529277  2563240
            8192    2048   372177   375607   365973   378662   385904   377530   349472    360865    378507  1331834  1671128  2050616  2034829
            8192    4096   374183   367221   381483   400198   402514   368529   407217    375730    380600  1320015  2447657  2396610  2370977
            8192    8192   377704   381132   436836   431704   407155   390057   418940    385831    424630  1149739  1528879  2037242  2048538
           16384       4    20811    23672    13638    13208    14292    24412    14489     25080     14580  1084317  1463118  2698288  2818011
           16384       8    36551    39483    25423    25731    23083    39600    23292     40550     23570  1197917  1633812  3012320  3106553
           16384      16    59836    65288    39671    40181    38336    66831    38383     67258     37882  1269085  1734823  3216329  3342906
           16384      32    96056   104993    62911    62978    62869   104996    63332    105280     63674  1299074  1778003  3222664  3393586
           16384      64   142883   155173   101366   101591   100528   152649   100614    155646    100719  1267821  1732679  3045292  3097173
           16384     128   189860   197304   134522   135103   133506   197292   132310    198272    132283  1267914  1709873  3062391  3142926
           16384     256   265874   275269   204848   206495   202707   222699   189906    274416    201483  1184842  1596389  2977343  3008495
           16384     512   319058   319058   265723   266896   262505   324841   260382    323360    265951  1121423  1474704  2400193  2411141
           16384    1024   359265   363668   309991   320212   313581   365558   303350    364129    328474  1171631  1540871  2549244  2604312
           16384    2048   360683   374568   376851   379674   377833   381947   275079    374834    375978  1234301  1602195  2597716  2616807
           16384    4096   371957   374130   405516   414040   407632   370797   407794    375736    390698  1398078  1791771  2364923  2332572
           16384    8192   391792   387475   416270   442643   443517   382553   442045    385622    433187  1285417  2290816  1994134  2012530
           16384   16384   388540   393373   457550   439675   455060   396871   448435    391821    299979  1261653  1704360  2298171  2274891
           32768      64   143315   156973   101961   100988    91613    78072    73918    147668    100488  1248913  1699592  2976234  3037472
           32768     128   191234   196617   134237   135070   133976   198059   135986    197384    134451  1228045  1653703  2788724  2781894
           32768     256   265183   276026   204996   204686   205119   274781   201253    275847    203882  1169824  1592151  2933044  2978621
           32768     512   297490   331311   262148   262789   263681   326814   264021    328546    265874  1106684  1494408  2571268  2544892
           32768    1024   355957   353835   313557   315373   315760   318528   292822    358677    309702  1137233  1489727  2652861  2689881
           32768    2048   367881   380457   381440   387657   383067   375710   378366    366627    391072  1123539  1449658  2443715  2432125
           32768    4096   338478   375100   414931   415958   414511   369058   418702    377933    415336  1185351  1511799  2166480  2174226
           32768    8192   387081   389775   444083   441188   440158   387521   445714    383915    347347  1390001  1784068  2238098  2234278
           32768   16384   389260   394172   451224   448262   456315   383925   459825    382071    455251  1285367  2341386  2254250  2270674
           65536      64   138999   156366    97891    83395    81283   153786   101657    153553    102114  1249946  1700284  2975132  3002790
           65536     128   189389   184243   133783   135121   134255   198514   134725    198436    133830  1237298  1678082  2948612  2942236
           65536     256   256287   268344   202888   204148   186287   155086   168392    183532    201508  1155183  1539416  2885772  2854249
           65536     512   320778   326867   265067   265419   265040   327912   264158    326631    264143  1119183  1465860  2602300  2599716
           65536    1024   341176   359311   319223   319815   319862   366034   315967    359079    318840  1110986  1465141  2615871  2658552
           65536    2048   373343   367574   383951   385934   384107   371042   347726    372446    385635  1107062  1424911  2548663  2553018
           65536    4096   372674   352113   392356   414706   412962   372092   413624    378591    406255  1116188  1446392  2170206  2190736
           65536    8192   369004   370747   448394   445683   446981   387775   441736    387941    435857  1185872  1513354  2219015  2241544
           65536   16384   385716   389485   452846   462763   461572   384524   460305    388326    394140  1358966  1721690  2175840  2175548
          131072      64   144715   149420    90626    91900   101983   155419   102784    156441    102886  1247200  1687724  2972555  2970002
          131072     128   188913   197809   118848   111704   134020   198045   134532    200242    134579  1241954  1689768  3045488  3027826
          131072     256   266291   264260   196659   164978   165117   230302   206974    277264    205704  1152352  1543825  2964701  2960534
          131072     512   317899   307307   265603   266200   211520   206689   209464    322623    266303  1113166  1449430  2654776  2652854
          131072    1024   336478   360330   319208   319265   260503   258301   248301    257104    264907  1101704  1420246  2590147  2628689
          131072    2048   369117   348649   388451   386452   332908   301129   293883    319906    293351  1089795  1401702  2533135  2504139
          131072    4096   343658   347646   352598   370454   370156   340290   353651    344684    352369  1116104  1436594  2298898  2330334
          131072    8192   356943   373563   331590   336921   322511   376494   336526    377184    330883  1128558  1447797  2215097  2253487
          131072   16384   373266   375417   340100   350554   342588   361169   461524    388044    452156  1208650  1556509  2158344  2146646
          262144      64   142929   156700    92980   103088    98919   154689    98928    152122     99127  1239885  1679903  2980063  2968285
          262144     128   187152   194513   119666   135102   134440   199738   134483    199774    134449  1240389  1690542  3056968  3079305
          262144     256   260412   277827   177224   177570   205678   276784   205699    274895    205686  1155318  1547054  2959504  2910803
          262144     512   307826   325949   236807   211504   242426   329796   266719    326742    266195  1113586  1458867  2552244  2597955
          262144    1024   348209   356570   290085   253363   250208   309892   315610    352974    318356  1103068  1429614  2647487  2631834
          262144    2048   352344   373042   358578   297810   291082   316909   297569    374162    388337  1079972  1398533  2534331  2541707
          262144    4096   358550   361472   391905   318980   317359   337160   317512    339681    399329  1082023  1397900  2242940  2245634
          262144    8192   388643   367538   422686   339156   343252   366714   335029    367494    340462  1106783  1409890  2223122  2224634
          262144   16384   379439   384334   431245   341543   348803   377663   349483    384888    345253  1146571  1474493  2293674  2305578
          524288      64   142774   153124    94566    99870    99099   155020    99045    154474     92585  1235307  1691928  3020649  3017776
          524288     128   187424   199722   125078   134667   133803   193949   134043    194168    123898  1241191  1688321  3063471  3088859
          524288     256   265450   276648   178040   207320   206376   276241   205304    271085    180483  1154891  1555967  2993913  2979993
          524288     512   319613   331040   223029   252499   266523   323602   265134    319787    225432  1109430  1453477  2611360  2590817
          524288    1024   349593   356875   270541   271755   321005   353395   318235    358930    267188  1098367  1431640  2600739  2609216
          524288    2048   366949   362797   323109   299298   308231   371445   381760    370158    327313  1077524  1392073  2568136  2556356
          524288    4096   361792   372778   346902   320288   319798   356706   415708    370046    352547  1071838  1396466  2251591  2273038
          524288    8192   382445   374780   376599   339678   340645   363263   339937    382496    378627  1085001  1394965  2214063  2229826
          524288   16384   379016   381704   386733   352272   350304   373126   347614    380616    388931  1100384  1415935  2275931  2287899

iozone test complete.
