	Iozone: Performance Test of File I/O
	        Version $Revision: 3.465 $
		Compiled for 64 bit mode.
		Build: linux-AMD64 

	Contributors:William Norcott, Don Capps, Isom Crawford, Kirby Collins
	             Al Slater, Scott Rhine, Mike Wisner, Ken Goss
	             Steve Landherr, Brad Smith, Mark Kelly, Dr. Alain CYR,
	             Randy Dunlap, Mark Montague, Dan Million, Gavin Brebner,
	             Jean-Marc Zucconi, Jeff Blomberg, Benny Halevy, Dave Boone,
	             Erik Habbinga, Kris Strecker, Walter Wong, Joshua Root,
	             Fabrice Bacchella, Zhenghua Xue, Qin Li, Darren Sawyer,
	             Vangel Bojaxhi, Ben England, Vikentsi Lapa,
	             Alexey Skidanov.

	Run began: Thu Sep 22 12:28:01 2016

	O_DIRECT feature enabled
	Auto Mode
	Command line used: /root/iozone -I -a
	Output is in kBytes/sec
	Time Resolution = 0.000001 seconds.
	Processor cache size set to 1024 kBytes.
	Processor cache line size set to 32 bytes.
	File stride size set to 17 * record size.
                                                              random    random     bkwd    record    stride                                    
              kB  reclen    write  rewrite    read    reread    read     write     read   rewrite      read   fwrite frewrite    fread  freread
              64       4    20356    24381    13021    17601    17387    23844    16435     23713     14090   831569  1204796  1933893  2801873
              64       8    35936    37471    25941    27901    27788    38464    25776     39628     18973   969761  1421755  1255511  3057153
              64      16    58180    61066    16675    44326    40507    63238    13375     61010     20929  1029254  1690338  2203800  2772930
              64      32    95808    98769    63931    66529    68238    97125    23950     97407     21585  1210227  2067979  2133730  2467108
              64      64   137885   138812   110932   105774   105608   143793    61247    139099     41178  1066042  1722886  1310683   866463
             128       4    21069    24864    14977    17792    17959    24316    16660     24381     17684  1022989  1471662  2727923  3106789
             128       8    36601    40251    21784    28636    29051    39288    22385     40712     19962  1102844  1684006  2969325  3445772
             128      16    60871    65211    23778    43008    42895    64872    41301     65433     35330  1185654  1852520  2905056  3380677
             128      32    99534   103646    46044    74165    72689   106315    59926    103387     50797  1440082  2098744  2784517  3124872
             128      64   138840   147136    42724   117021   117869   147784    49743    152225     40712  1196221  2098744  1406136  2132084
             128     128   217373   214421   181264   177021   173195   210141   160221    210553     82205  1220700  2027414  1421023  1359835
             256       4    21195    25012    15689    18148    17828    24968    15578     24617     15439  1128110  1600674  3087188  3368013
             256       8    37389    40044    23540    29280    29160    39531    23131     40410     25905  1208072  1842366  3368013  3717869
             256      16    63569    66614    30877    45876    45886    66097    30120     68374     39463  1260547  1911233  3410808  3705040
             256      32    95275   107204    52373    74592    73394   104268    50432    106355     44801  1306564  2045979  2665657  3605511
             256      64   143322   151941    79378   121042   119135   154967    75942    155731     84381  1487577  2081678  2726577  2812272
             256     128   210545   218604    78359   188779   183897   223751    52467    214028    113123  1248819  2210228  2049885  1673001
             256     256   249544   281910   225965   228805   224172   273787   126162    281688     63573  1437779  2413957  1495866  1219045
             512       4    21417    25251    16231    18204    18063    25455    16169     24955     16387  1127402  1640796  3259661  3012719
             512       8    37641    39724    23147    28187    28064    39773    23198     40966     26018  1135750  1712772  3604335  3788747
             512      16    61485    66891    38220    45555    46385    67950    37405     66389     39096  1255246  1875849  3795443  4000485
             512      32    95292   106333    56742    71820    72325   107606    57283    106049     55574  1267845  2073249  3736016  3905895
             512      64   144389   156627    74418   121699   118463   156092    70562    153668     93243  1293037  1861217  3140488  3220553
             512     128   217956   225367    98140   188378   185900   221737   120470    224966    130341  1375881  1867692  2297251  2548017
             512     256   244148   273815   163520   234216   244259   277674   167317    271599     99205  1446306  2253852  2089386  1827947
             512     512   301155   337983   329681   350449   343168   322019   112458    343168    183705  1227971  1889050  2132967  2370799
            1024       4    21348    25126    16878    17268    16672    24988    15325     25471     15660  1084640  1617199  3345496  3261656
            1024       8    37336    40688    25796    27066    26516    40754    24088     40552     24073  1200447  1848247  3709575  3643490
            1024      16    61490    68733    38650    41901    41790    67200    38516     66840     38710  1301187  1999700  3937426  4048778
            1024      32    98310   105981    60789    67408    68330   108199    59317    106411     60681  1248970  2020395  3671521  3984917
            1024      64   144224   157950   103676   109857   110096   158340   102593    156574     88207  1248607  1818510  2918161  2960401
            1024     128   220302   226506   163103   170355   169816   231250   129867    232930    155480  1292961  1838751  3037876  2985091
            1024     256   253962   277348   188965   218564   206739   281235   179902    278879    183054  1315938  1882266  2432298  2331932
            1024     512   324055   344318   313437   327365   294421   349133   201889    345010    217645  1223356  2081090  2578312  2659742
            1024    1024   345815   388305   394004   396587   385551   400956   326221    400619    196244  1402756  2146618  2730767  2694787
            2048       4    21368    25402    16788    16650    15114    25450    14818     25024     14704  1091644  1634370  3189957  3297725
            2048       8    36504    39763    24823    25395    23989    40631    23157     40652     23146  1183055  1830057  3835124  3946119
            2048      16    61018    66638    38628    39658    38767    68282    38740     66194     36854  1249480  1926510  3806235  3977179
            2048      32    99383   106856    62182    62546    63168   106734    61112    106366     59692  1264191  1940874  4138120  4248644
            2048      64   145206   157009    99388   102966   103690   156539   101587    154506    104012  1284033  1846580  3519302  3592903
            2048     128   215877   228499   134850   160326   160653   226296   162013    227127    185476  1279062  1871932  3436240  3500658
            2048     256   262634   276010   175176   205006   207788   276757   181832    277355    232809  1271112  1738569  2985927  3002627
            2048     512   332198   354563   261157   285552   278941   350083   291829    340927    216355  1317109  1718053  2631876  2625441
            2048    1024   378631   364864   320893   362998   347421   403003   264185    411418    241196  1235996  2195338  2839830  2892423
            2048    2048   341455   366827   359941   357976   360122   349784   372781    350083    327213  1359854  2104960  2666186  2837016
            4096       4    21542    25069    16641    16731    14317    24854    14384     24947     14393  1093089  1595040  3139133  3402085
            4096       8    37025    40309    25723    25312    23319    40915    23223     41365     23823  1198054  1786442  3552638  3919833
            4096      16    60075    66512    39533    39950    38370    66808    37525     66436     38424  1237849  1853514  3713116  4076076
            4096      32    97899   106899    62297    62858    62983   106850    61872    106962     61809  1251100  1803697  3673419  4171080
            4096      64   144586   156002    96690   101396   101534   154403    99710    156815     99883  1259446  1781625  3421735  3696339
            4096     128   216671   225464   152590   158704   158968   227542   144078    227681    153944  1276383  1844955  3543113  3679713
            4096     256   262565   278700   194712   206016   203406   274509   199464    276515    203770  1210719  1684167  3268741  3387995
            4096     512   336287   346565   251194   285551   281315   346824   266752    349640    303994  1216549  1591936  2730948  2944377
            4096    1024   366998   379122   315199   348244   340115   379574   290191    380171    328569  1381928  1732574  2484145  2797657
            4096    2048   397049   366693   216961   388054   391405   360945   241592    370448    321860  1240889  2341919  2445252  2327326
            4096    4096   352437   395322   396554   390311   385944   397905   382447    382158    381869  1304390  1812259  2298677  2299600
            8192       4    20786    24451    16528    16539    14222    24987    14240     24697     14371  1120202  1462875  2552007  2740709
            8192       8    37292    40098    25438    25941    23201    39998    23434     40817     23417  1249135  1635414  2886449  3137644
            8192      16    60513    57444    39771    39790    38234    66084    37840     66678     38251  1248409  1668774  2964907  3218769
            8192      32    97400   106177    59502    59708    63529   107296    62492    106709     62524  1315970  1743723  3035364  3353214
            8192      64   143909   156270   101147   102531   102451   155931   100828    154692    101403  1275047  1717059  2929767  3054523
            8192     128   216644   227032   161750   162057   159059   225401   151742    225295    159532  1280607  1708436  2870294  3014063
            8192     256   265130   276597   195985   205580   204304   274437   201267    275917    189099  1155733  1534683  2354083  2405166
            8192     512   339651   348374   292560   289448   284642   347620   257374    350714    293990  1164942  1535850  2564770  2600487
            8192    1024   375041   373943   342045   350864   343580   364672   226441    281126    366664  1224169  1540947  2457988  2484649
            8192    2048   389430   371216   354557   388707   387440   363088   362139    378432    334597  1409988  1817225  2560756  2567262
            8192    4096   374955   384492   415460   424038   415078   379804   382072    383197    400058  1323421  2460804  2373761  2354728
            8192    8192   375074   381343   443438   446289   440380   375471   430186    409332    423421  1261055  1711329  2298493  2325248
           16384       4    20656    24315    13477    13281    14245    24366    14383     25108     14390  1108757  1456760  2673201  2837560
           16384       8    36364    40184    25505    25546    23285    40432    23344     39749     23298  1227072  1632337  3048264  3222664
           16384      16    58812    65304    39658    39555    37873    65700    38062     66196     37740  1285947  1719758  3153165  3338845
           16384      32    96311   104907    62667    62406    62988   105673    63376    106929     63557  1298141  1764399  3223269  3368468
           16384      64   143939   154593   102979   102888   101880   155347   101917    153436    101120  1255475  1691481  2804555  2846374
           16384     128   220588   231294   159060   159733   160092   224767   158272    228167    158886  1221141  1630246  2473097  2485441
           16384     256   230527   277183   200328   205243   204337   276873   200735    276789    202883  1193817  1614960  2964882  2996819
           16384     512   336247   342075   283601   285381   283749   339916   279834    346180    271970  1132978  1505197  2535885  2510134
           16384    1024   366359   363482   344050   335079   347096   368526   340835    378016    382578  1168106  1517461  2526469  2580159
           16384    2048   346223   313095   321847   383942   377606   376349   387108    369400    356654  1224426  1601710  2598108  2562743
           16384    4096   380536   385887   405052   415985   414312   379223   416472    384908    399660  1326098  1668239  1928870  1907083
           16384    8192   378954   378601   450714   444010   443360   386542   426744    385869    431135  1315361  2421507  2142475  2166316
           16384   16384   381288   377405   380774   458693   450047   383267   458769    385296    459502  1190611  1569052  2076003  2099663
           32768      64   142650   154747    98736   100122    90825    79647    78422    131853    101812  1269142  1726450  3051906  3137173
           32768     128   214368   225584   160134   161946   162483   232229   158087    228796    158606  1223835  1656873  2752202  2763825
           32768     256   266799   275095   205328   206793   205393   275791   205840    273650    205745  1182710  1609038  3038546  3072785
           32768     512   337536   346946   284459   280966   285372   285428   268517    341967    277652  1101363  1459278  2356925  2405183
           32768    1024   371919   369483   343066   349719   342775   374213   338309    369757    345111  1123190  1498988  2635161  2672775
           32768    2048   337348   373761   389691   385355   389557   381476   396865    375478    367523  1150725  1509972  2656091  2654552
           32768    4096   342750   365006   371801   351863   388167   347766   359357    342937    355300  1224784  1575235  2376405  2399347
           32768    8192   370309   344234   376366   365082   353648   383884   366680    369058    378008  1362267  1719560  2061023  2071023
           32768   16384   369850   379135   377237   396342   360674   391675   405139    397848    380837  1217320  2115135  2126556  2155066
           65536      64    65922   144962    98643    84217    80924   152871   102902    155844    103073  1243050  1682653  2933852  2923088
           65536     128   214600   228838   161357   160679   160379   228362   161877    229421    162703  1242201  1684251  2918650  2909228
           65536     256   266574   252564   206765   206363   184258   157570   164901    195369    206058  1162565  1571190  2915183  2943181
           65536     512   337058   344485   283653   283608   285364   342901   283728    340530    283042  1117772  1471951  2623761  2593853
           65536    1024   367962   370498   342530   344449   344284   365249   342885    327503    344098  1107740  1447702  2593853  2614229
           65536    2048   373644   374072   387569   385496   387480   326192   389874    375190    387528  1095188  1412688  2546868  2488262
           65536    4096   379632   344732   414624   414247   420987   384300   420552    381571    399278  1134664  1451456  2222622  2251255
           65536    8192   381211   386702   440788   437910   440643   384772   445956    390653    439177  1205790  1539450  2230322  2240776
           65536   16384   389348   386365   462703   465242   463509   391706   388734    386802    455690  1362239  1729588  2261182  2295645
          131072      64   141285   154454    89573    92950   102615   154578   102779    154894    100469  1238585  1694665  2963758  2983444
          131072     128   208093   231687   124206   100487   147535   232483   162273    231161    163656  1245564  1687248  3048968  3016545
          131072     256   253849   279085   197057   164207   165923   238557   205151    276694    205969  1165176  1554661  2996747  2930549
          131072     512   336904   325042   283291   285043   228457   206086   220296    329057    283731  1109613  1437334  2563002  2576201
          131072    1024   373746   378326   345716   347677   285210   284240   270630    294373    264826  1095664  1427007  2556649  2519795
          131072    2048   369711   374026   391070   393934   336062   310444   297383    315505    295502  1079937  1400866  2517660  2518917
          131072    4096   361351   380225   423060   420136   370228   351902   320554    333204    311648  1092075  1405583  2164692  2205411
          131072    8192   377144   358621   341957   447068   398695   366398   335624    369719    331457  1113326  1446091  2155932  2183946
          131072   16384   383483   372519   338200   345201   332126   386597   346845    384726    346264  1218493  1559565  2204934  2218852
          262144      64   131194   152519    93661   101515    99357   155273   100342     90280     81927  1251414  1698922  3009649  3033656
          262144     128   212334   235216   111328   148943   162256   233962   162653    230890    162426  1232940  1682296  3021725  3001589
          262144     256   258145   276572   179479   174038   205713   273346   205139    272245    205913  1160446  1552838  2989275  2983961
          262144     512   324827   338751   255602   220900   228463   340571   285797    338277    285978  1112651  1469623  2640081  2643966
          262144    1024   356068   372283   309126   269910   266837   291660   321130    374238    343253  1100552  1438067  2629543  2637421
          262144    2048   370051   367867   361386   298649   299818   316742   295611    373322    389693  1084198  1400289  2597182  2599552
          262144    4096   375016   365932   391197   318868   321140   345650   315741    347296    376032  1077921  1394908  2245483  2241829
          262144    8192   378800   372855   418092   326755   329021   368466   334265    366764    339560  1115002  1438920  2295259  2302156
          262144   16384   310453   307317   385829   377427   353622   378561   338900    377478    345388  1136145  1466974  2239227  2246942
          524288      64   145644   156332    96747   100865    99506   155371   102888    153960     93371  1246340  1693256  2992475  2972557
          524288     128   214596   234915   127125   163677   162818   231708   162073    230399    143814  1235860  1684535  3034316  3013079
          524288     256   262003   274952   177143   206275   205919   272843   205860    272646    179295  1157637  1537653  2959085  2938916
          524288     512   331625   337596   238972   254838   286494   339257   284792    334828    238001  1109517  1456667  2628091  2631979
          524288    1024   345420   366611   290752   266076   336393   363597   339098    369990    283918  1099124  1426408  2625627  2612508
          524288    2048   360223   363348   330435   297102   308471   371758   389485    371186    329813  1071760  1379276  2550669  2527750
          524288    4096   375972   376560   348354   320644   320435   349713   416060    375510    355710  1064585  1370293  2204559  2226615
          524288    8192   376335   380684   373533   340951   337816   363719   348492    380560    376218  1086983  1408871  2237028  2268554
          524288   16384   369513   366163   385469   348869   349425   373679   349630    383492    392940  1105444  1427632  2253481  2273491

iozone test complete.
