	Iozone: Performance Test of File I/O
	        Version $Revision: 3.465 $
		Compiled for 64 bit mode.
		Build: linux-AMD64 

	Contributors:William Norcott, Don Capps, Isom Crawford, Kirby Collins
	             Al Slater, Scott Rhine, Mike Wisner, Ken Goss
	             Steve Landherr, Brad Smith, Mark Kelly, Dr. Alain CYR,
	             Randy Dunlap, Mark Montague, Dan Million, Gavin Brebner,
	             Jean-Marc Zucconi, Jeff Blomberg, Benny Halevy, Dave Boone,
	             Erik Habbinga, Kris Strecker, Walter Wong, Joshua Root,
	             Fabrice Bacchella, Zhenghua Xue, Qin Li, Darren Sawyer,
	             Vangel Bojaxhi, Ben England, Vikentsi Lapa,
	             Alexey Skidanov.

	Run began: Thu Sep 22 10:34:13 2016

	O_DIRECT feature enabled
	Auto Mode
	Command line used: /root/iozone -I -a
	Output is in kBytes/sec
	Time Resolution = 0.000001 seconds.
	Processor cache size set to 1024 kBytes.
	Processor cache line size set to 32 bytes.
	File stride size set to 17 * record size.
                                                              random    random     bkwd    record    stride                                    
              kB  reclen    write  rewrite    read    reread    read     write     read   rewrite      read   fwrite frewrite    fread  freread
              64       4    20311    23970    13840    17892    17831    24410    13152     24465     10763   811459  1226821  1879725  2689580
              64       8    37016    39000    25794    29264    28245    39143    20441     41774     14343   929467  1392258  2203800  2892445
              64      16    60501    65974    17961    42985    40685    63613    15166     62736     20963  1049372  1679761  2203800  2801873
              64      32    98011   100469    65909    72397    72163   101610    24051    101113     21150  1124074  2067979  2006158  2278628
              64      64   148569   137040   111116   127716   105774   140630    62927    140043     48852  1124074  1734015  1336792  1363961
             128       4    20997    24696    14941    18202    18043    24858    16655     25000     17708   971174  1471662  1802755  3124872
             128       8    36949    39108    21607    28731    27947    39085    25088     40050     24260  1085013  1684006  2905056  3359523
             128      16    62261    66735    30447    44245    43567    65907    41368     65673     37593  1206978  1487977  2905056  3297617
             128      32    95736   101510    31953    74681    73025   106844    44661    105355     34206  1377278  2066432  2673584  2985839
             128      64   140182   154949    69302   120650   107658   145619    97333    144951     65851  1231904  2132084  2132084  2211113
             128     128   208509   205476   189385   186880   176788   207783   161231    203838     72976  1346196  2132084  1487977  1373754
             256       4    20990    24820    14778    17912    17661    24808    14368     24753     16669  1076103  1532153  2366082  3275543
             256       8    36260    40365    23253    28548    28419    39282    23306     40404     22808  1036624  1842366  3326279  3717869
             256      16    68870    67193    35048    45747    46166    66597    34901     67067     38752  1312954  1938842  3285566  3605511
             256      32    96892   103895    42760    72233    72214   108570    50584    107204     55265  1340826  2061693  3197509  3368013
             256      64   147719   156389    80958   117172   117376   150768    54691    154388     59042  1420658  2045979  2613746  2699161
             256     128   214585   226155   112142   191472   182584   223008    85531    219184     95208  1254656  2135500  2000242  1956506
             256     256   246169   272329   233787   226537   230624   280657    85531    279488    127103  1347557  2242541  1504249  1158540
             512       4    21342    25503    15746    17911    17741    25266    16706     24968     16742  1034032  1496706  3158966  3325278
             512       8    37257    39890    24287    28257    27839    39848    24467     39475     25198  1160923  1753325  3550700  3304808
             512      16    60677    67950    37085    44952    46137    66709    37883     67191     35322  1258188  2024389  3653390  3849877
             512      32    97357   106091    50523    72121    72143   106825    51107    105850     64613  1222379  2022482  3653390  3822466
             512      64   144584   152793    88783   115265   115395   158172    88272    151564     94712  1279935  1999881  3029721  2638816
             512     128   217779   229069   116598   184368   180980   226150   119511    223003     86079  1394645  1882427  2736325  2739816
             512     256   253965   274972   119153   227251   218444   308024    99921    274972    164007  1296159  2216629  2097550  1985091
             512     512   284593   334665   301705   298186   303668   294748   195870    360812    195264  1340664  2089386  2438090  2225819
            1024       4    21388    25066    16637    17331    16629    25007    15774     24862     15808  1074599  1594978  3261656  3358576
            1024       8    37149    40059    24821    26695    26214    39542    25141     39682     24588  1208894  1852232  3495237  3764854
            1024      16    64929    66532    36930    42475    42382    66771    37880     66406     36638  1265904  2056183  3984917  4110780
            1024      32    98538   106280    59112    66710    67931   106699    63606    107125     60383  1336827  1932227  3764854  3863055
            1024      64   145268   158539   103140   108612   108508   154474    98083    156289    102871  1276817  1835608  3271594  3481072
            1024     128   220834   230790   120798   178616   178023   232087   139262    224317    168504  1400926  1865101  2987168  3103735
            1024     256   262019   279696   209492   214900   205168   280775   198723    277869    189315  1440391  1787480  2478620  2381058
            1024     512   310020   336153   185137   293075   274091   334764   231562    339743    172068  1299612  2011877  2708381  2739476
            1024    1024   341227   388762   403783   395200   400956   412074   219749    410773    271750  1254808  1999700  2398343  2260740
            2048       4    21298    24946    16907    16765    15079    24973    14800     24943     14593  1099187  1608660  3309159  3390131
            2048       8    37463    41522    25173    25510    24082    39976    23489     39928     23305  1175607  1828499  3650932  3751381
            2048      16    60477    66569    39182    39830    38831    66216    38672     66289     38009  1265868  1945270  3821475  3991965
            2048      32    97015   106610    61165    62771    63598   106811    63048    106561     61496  1256425  1919621  3864455  3937075
            2048      64   144917   158670    94143   102636   102791   156862   104329    154204    100515  1295263  1863809  3419824  3512108
            2048     128   217061   230578   147560   159626   159427   226099   151000    225304    144347  1280015  1823453  3341339  3379461
            2048     256   264258   278859   195031   203780   205683   278479   200808    275824    180948  1291174  1729816  2938934  2848305
            2048     512   314836   326417   256448   268865   261658   308626   272265    329421    253841  1368956  1767183  2860636  2730599
            2048    1024   362600   384031   313000   389799   368685   350798   340602    377450    308948  1227167  2151353  2659582  2775597
            2048    2048   390703   399609   344966   350197   341170   398128   373592    337458    342996  1378181  2089598  2687877  2892423
            4096       4    21282    24999    16752    16754    14298    24901    14371     24862     14741  1071411  1566390  3080040  3363453
            4096       8    36932    39551    25576    25646    23435    39471    22967     39601     23586  1185161  1741531  3486312  3849566
            4096      16    60118    66314    39296    39054    38129    66474    38012     66450     37925  1258800  1873730  3644585  3961410
            4096      32    98206   113942    61536    62275    62673   106536    61944    107205     63350  1263801  1885658  3896717  4171080
            4096      64   144893   157447    99330   102078   101338   155145    97204    154077     96667  1198723  1740825  3065750  3140855
            4096     128   215023   225277   154789   160098   158666   225499   154433    225623    146830  1256774  1824577  3450600  3571100
            4096     256   267221   280127   186417   205363   203377   276440   196818    276328    209964  1207146  1652259  3033808  3091124
            4096     512   316686   335466   257964   270005   258683   335349   228265    331364    263868  1212941  1576596  2663212  2769246
            4096    1024   361074   377274   324510   355221   355089   373241   320073    368375    291283  1371777  1725266  2539595  2815077
            4096    2048   356393   401607   310235   367981   361515   390391   346062    362989    336097  1334171  2426259  2514689  2544108
            4096    4096   376538   374715   421232   411033   398865   396747   344377    394678    333196  1326855  1870262  2411952  2389808
            8192       4    20891    24829    16630    16699    14320    24709    14324     24770     14409  1104324  1443031  2518339  2760083
            8192       8    36793    39717    25362    25541    23249    39855    23174     40257     23192  1223428  1629906  2824984  3062418
            8192      16    60395    65893    39599    39660    37913    66042    37946     65846     38088  1250681  1668369  2897647  3165394
            8192      32    96661   105912    63254    62796    63078   107437    62244    106600     63264  1287662  1739310  3030813  3307380
            8192      64   144020   156398   102133    99785   102758   154428   101073    157009    100124  1260130  1692864  2766750  2919560
            8192     128   214882   226061   159629   160266   159740   227631   157133    226611    157908  1276042  1711670  2908193  3040737
            8192     256   263960   275796   201476   204686   204340   273750   199741    274117    193066  1148471  1500372  2247525  2348772
            8192     512   319139   330417   253114   268370   267476   329748   264334    330338    271089  1166286  1534683  2498925  2559040
            8192    1024   359596   373606   343278   362590   361804   384544   320664    381767    361533  1239895  1577523  2565728  2617325
            8192    2048   380494   375656   377580   393051   387952   388101   357527    367586    350235  1423718  1838028  2531513  2547278
            8192    4096   387808   388874   420725   421442   423140   380916   390354    393921    369742  1305074  2452724  2306981  2310860
            8192    8192   374220   384600   444660   445531   438609   377323   401310    388782    440431  1292506  1772783  2383476  2389776
           16384       4    20663    24166    13832    13295    14187    24307    14316     25160     14449  1080447  1454817  2645111  2782186
           16384       8    37062    39375    25626    25591    23462    40370    23200     40610     23509  1222400  1651481  2982123  3121370
           16384      16    59054    65202    39787    39829    38437    67350    38505     67042     37981  1254032  1703979  3101926  3290562
           16384      32    96651   105943    63025    63142    63545   106812    63191    106524     62958  1290899  1776073  3231606  3433432
           16384      64   143675   155478   102659   103337   102341   154697   101317    153843    101870  1270657  1719758  3006784  3100107
           16384     128   217012   227508   156203   156880   158739   227779   157586    228106    160774  1269883  1701490  3042595  3144796
           16384     256   265913   276574   205110   204561   204708   282007   199826    274626    197752  1172471  1579946  2832647  2912730
           16384     512   320224   331157   263680   264928   263942   327830   261795    325783    261057  1137555  1518568  2613921  2660163
           16384    1024   371140   376333   351195   360206   355455   363830   360904    372116    363224  1162494  1536255  2628619  2635373
           16384    2048   375943   377320   392939   391504   383590   374234   367478    377868    370292  1233636  1601113  2631135  2602339
           16384    4096   385389   385270   417055   425821   427033   394520   407328    391118    394452  1371377  1745398  2258294  2283509
           16384    8192   385387   381741   442199   436118   444071   379110   430670    380395    441974  1280913  2413682  2308982  2321070
           16384   16384   384337   396025   455075   435168   459232   380201   457474    374122    467181  1284721  1763267  2380735  2412326
           32768      64   144930   157188   103037   102782    91922    81642    77918    148964    101386  1243996  1681440  2840950  2883991
           32768     128   213798   225570   159899   160189   159833   229499   160455    227849    160420  1232196  1672946  2966278  3015413
           32768     256   266194   275297   205313   206534   205031   274659   202406    274735    202339  1148024  1549239  2800429  2858558
           32768     512   322380   331003   266651   265409   264221   328452   264796    328258    268123  1128724  1523378  2673607  2667743
           32768    1024   372089   377786   355085   361294   358217   375216   355220    378850    358343  1101778  1466268  2518266  2527993
           32768    2048   373203   379457   385936   388803   384520   377308   380205    377199    368922  1152984  1507554  2646018  2604993
           32768    4096   388500   389292   425553   427117   423913   385156   428552    389575    415173  1174392  1493109  2048765  2062446
           32768    8192   379918   382209   438062   444330   438532   389311   436365    386657    452490  1341354  1695023  2150278  2165320
           32768   16384   387612   380692   453197   454638   467093   380721   460282    383628    463308  1243039  2200966  2193169  2211520
           65536      64   144407   155737    96921    85369    81305   152507   101753    154536    101969  1238117  1685035  2895591  2845326
           65536     128   216896   229426   160659   161227   160688   233230   159671    228736    161235  1239149  1685686  2949276  2961542
           65536     256   266948   276684   204176   205044   186672   157350   161770    190518    204946  1156086  1568518  2900571  2938054
           65536     512   322733   330522   264800   265187   265071   326179   263924    325842    262681  1110964  1450843  2540630  2541945
           65536    1024   371483   375383   362648   359971   358812   372224   356705    376888    358159  1119028  1481008  2696287  2664583
           65536    2048   380499   377931   383947   385059   390320   381104   386907    382678    384610  1096748  1415897  2487992  2507030
           65536    4096   385891   389131   429662   432338   430549   385558   425006    387566    418305  1120214  1454967  2191330  2195724
           65536    8192   378528   382805   447292   451458   448750   385163   439771    387607    446661  1172798  1488846  2215331  2247464
           65536   16384   383251   381508   468435   468024   467110   384156   459917    379533    451673  1347059  1710548  2189201  2227972
          131072      64   145020   155414    92290    95024   102120   154156   102488    155209    103284  1250209  1696327  2987335  3016976
          131072     128   214168   232991   130049   101644   148387   232342   162499    233634    162228  1233012  1681232  2944187  2907794
          131072     256   267451   277687   195520   165413   163548   241630   205875    275666    204059  1148677  1527414  2836998  2837554
          131072     512   321254   325678   265439   265746   212692   199263   212596    324526    265752  1110921  1468251  2593177  2579998
          131072    1024   364170   374927   359324   358686   306158   278168   270821    291269    274186  1091229  1432354  2566112  2558148
          131072    2048   375368   377563   386756   390991   337063   331863   290289    327451    301251  1093423  1409540  2578981  2549736
          131072    4096   369940   385699   431402   433001   379068   361802   330334    359601    320723  1092376  1413113  2241158  2266624
          131072    8192   374105   369716   353616   447570   401765   375433   337114    367888    333370  1104182  1437270  2212752  2208459
          131072   16384   373108   379150   353950   364569   375584   384347   350228    377673    345749  1201899  1544896  2196178  2203891
          262144      64   134795   154879    93715   101235    99345   155278   100942    154128    101115  1244152  1694332  2984196  2980022
          262144     128   217606   236195   112163   151432   162997   234337   163027    234698    163035  1232933  1689365  3012766  2970233
          262144     256   264663   275231   178923   176945   204831   269875   204251    269878    204411  1146336  1525593  2870324  2832706
          262144     512   320014   321510   235749   212623   246540   324516   265534    321030    267517  1109857  1463208  2635222  2642022
          262144    1024   365719   374236   333425   278479   277599   291081   308609    376140    360517  1097213  1441619  2633631  2652904
          262144    2048   371405   373406   361840   301606   297300   325523   299920    372635    388548  1071165  1397751  2534582  2534092
          262144    4096   378697   383886   405051   331042   326702   356187   324941    356685    330700  1070110  1384353  2159857  2204389
          262144    8192   373534   382069   422513   337014   339664   365180   335357    368332    334213  1090761  1414059  2163759  2202504
          262144   16384   377666   377693   435495   346841   351792   383279   345175    373077    340956  1128725  1458406  2219711  2216901
          524288      64   143847   156134    98302   104025   103693   155663    99196    154678     92875  1246082  1695227  2994480  2995263
          524288     128   219978   234895   127492   163305   162506   230431   161907    230950    144099  1231560  1681224  3020247  2998588
          524288     256   266295   276047   178124   204962   204128   274173   205451    276752    180730  1145673  1530204  2904980  2889513
          524288     512   313815   322794   224668   255599   266871   323149   265881    320748    225513  1109214  1463820  2646263  2630382
          524288    1024   365218   372636   305102   279950   319486   375549   358633    373471    303198  1094537  1435186  2636826  2648306
          524288    2048   370216   370486   330247   298383   301039   373166   389045    372907    325513  1070832  1394297  2594727  2602105
          524288    4096   381626   381448   362449   329368   327413   361157   395398    378536    361800  1070744  1394211  2264331  2275840
          524288    8192   374040   377962   371381   339158   339517   368755   351735    378040    376721  1081954  1395043  2245748  2250057
          524288   16384   376979   375967   390479   351865   348045   373304   350360    379648    392607  1095301  1407662  2195407  2224055

iozone test complete.
