	Iozone: Performance Test of File I/O
	        Version $Revision: 3.465 $
		Compiled for 64 bit mode.
		Build: linux-AMD64 

	Contributors:William Norcott, Don Capps, Isom Crawford, Kirby Collins
	             Al Slater, Scott Rhine, Mike Wisner, Ken Goss
	             Steve Landherr, Brad Smith, Mark Kelly, Dr. Alain CYR,
	             Randy Dunlap, Mark Montague, Dan Million, Gavin Brebner,
	             Jean-Marc Zucconi, Jeff Blomberg, Benny Halevy, Dave Boone,
	             Erik Habbinga, Kris Strecker, Walter Wong, Joshua Root,
	             Fabrice Bacchella, Zhenghua Xue, Qin Li, Darren Sawyer,
	             Vangel Bojaxhi, Ben England, Vikentsi Lapa,
	             Alexey Skidanov.

	Run began: Thu Sep 22 10:51:35 2016

	O_DIRECT feature enabled
	Auto Mode
	Command line used: /root/iozone -I -a
	Output is in kBytes/sec
	Time Resolution = 0.000001 seconds.
	Processor cache size set to 1024 kBytes.
	Processor cache line size set to 32 bytes.
	File stride size set to 17 * record size.
                                                              random    random     bkwd    record    stride                                    
              kB  reclen    write  rewrite    read    reread    read     write     read   rewrite      read   fwrite frewrite    fread  freread
              64       4    20350    24388    13530    17783    18253    24931    12815     24503     13358   842003  1255511  2006158  2662899
              64       8    37554    39929    20401    28097    27751    41670    24586     39751     19161   955947  1452528  2379626  3057153
              64      16    57917    62068    37387    43536    41833    65046    39263     64842     27921  1017549  1638743  2278628  2923952
              64      32    93570   100469    22655    69492    73407    99354    20189    104579     25295  1204796  1991276  2067979  2358717
              64      64   143793   147426   109753   109574   104742   156539    28713    153058     24428  1101022  1690338  1392258  1421755
             128       4    20980    25009    14967    18345    17672    24787    16751     24696     16782   992724  1243315  2673584  3036502
             128       8    33193    39168    21650    29453    28998    40188    25874     40291     24334  1093856  1637771  2969325  3468030
             128      16    59926    64097    24349    44725    43567    64128    37092     64451     24975  1240443  1833539  2969325  3468030
             128      32   100147   107292    46060    73859    71833   102971    61301    106399     50855  1306873  2004703  2727923  3053774
             128      64   137949   142224    71987   114500   109951   154771    91885    146453     41130  1217930  2066432  2004703  2098744
             128     128   181081   197175   162845   158799   152919   183369    64320    200264     60094  1278855  2140585  1451764  1391557
             256       4    21036    25054    15789    17980    17777    24842    15743     24888     16772  1093639  1561112  2392442  3326279
             256       8    36686    39831    23574    28409    27759    39684    23255     39512     25088  1230218  1790149  3511189  3756894
             256      16    61494    65556    30603    46018    46302    66597    29896     67030     33559  1152323  1938842  3557725  3879045
             256      32    99110   106008    51769    73539    73104   105178    50703    107204     56190  1422540  2097948  2533571  3717869
             256      64   143571   150662    80479   114036   109545   152763    76784    151299     82022  1354356  2114473  2588541  2719671
             256     128   186452   188217    72910   142390   145457   188646    73184    193334     77432  1262029  2205688  2114473  2030503
             256     256   219363   257257   252241   242664   227980   256519   142145    254211    113278  1437779  2392442  1489641  1415041
             512       4    22270    25113    16219    18149    17978    24994    16326     24992     16314  1081961  1614885  2975154  3372274
             512       8    36537    39745    25207    28348    28179    40251    23366     39745     25297  1248678  1854787  3710197  3849877
             512      16    61062    67894    34617    44853    46693    67465    37273     65793     39048  1185272  1789859  3788747  3934520
             512      32    95883   107359    57768    73363    71738   105981    55987    107725     54525  1293037  2055390  3849877  4000485
             512      64   143579   155481    85204   116314   112700   155481    68863    153844     95009  1383861  1992458  2942541  3264616
             512     128   184637   196013    94829   158898   154541   195495   114107    193714    120809  1483267  2055390  2739816  2695115
             512     256   241621   260686   167486   244509   240592   258055   150808    265291    115469  1225169  2246778  2107844  2014892
             512     512   286033   326077   316840   316047   315676   339963   120788    327969    122399  1368865  2099600  2535981  2512247
            1024       4    21335    25078    16677    17594    16989    25496    15312     24914     15566  1107291  1580306  3151562  3425544
            1024       8    38444    40748    25667    26970    25381    39910    24096     40026     23633  1178057  1841906  3791442  3908759
            1024      16    60627    66840    39585    42632    41989    67788    39828     66290     37978  1235319  1896395  3751699  4048778
            1024      32   110153   108028    63824    67475    68462   106699    62041    106843     55110  1271902  1987669  3764854  4195100
            1024      64   146118   158539    84468   105598   103926   154518    91062    155413    113411  1282920  1865101  3472628  3506651
            1024     128   197417   197798   129703   141809   142980   199100    94954    199257    145499  1315938  1861867  3003881  2976816
            1024     256   255868   260020   159623   229091   218475   264536   166938    264065    195121  1363565  1809317  2534194  2522288
            1024     512   322401   332047   296208   320500   296986   342452   223036    340632    248180  1223356  2039583  2491561  2504637
            1024    1024   366909   368609   388762   404239   380529   394004   343382    387010    186763  1368780  2159571  2837198  2918161
            2048       4    21423    25008    16672    16864    15281    24989    14795     24887     14883  1072293  1568134  3210223  3390131
            2048       8    36936    39960    24711    25425    24454    42058    23267     40574     23232  1185831  1791882  3799501  3792790
            2048      16    60523    69823    39108    39536    38534    67475    37026     67381     37533  1220541  1837102  3960675  4054139
            2048      32    97883   107271    61566    64323    63729   109494    62955    106345     60226  1240458  1906837  3908414  4186524
            2048      64   144733   156745    97417   100510    99668   155328    99654    154437     96905  1225591  1821906  3314266  3374151
            2048     128   192375   198332   133812   136143   135925   200349   133289    196167    143760  1306095  1853753  3502085  3543986
            2048     256   257447   266323   178119   212823   202131   266248   194031    263885    225304  1224892  1707806  2790021  2840769
            2048     512   328677   352135   253908   283498   271080   338015   278182    348705    236001  1338453  1713598  2856830  2828608
            2048    1024   355487   369732   326057   375568   360243   395288   262730    389287    238061  1224892  2113766  2798201  2872113
            2048    2048   319889   337352   339297   349428   343105   309270   379467    376738    309839  1342847  2098276  2756890  2748949
            4096       4    21382    24998    16605    16907    14608    25462    14432     25000     14429  1089968  1530663  3177452  3356881
            4096       8    36886    40020    25541    25332    23428    40465    23077     40004     23612  1180762  1693965  3602551  3890540
            4096      16    60422    66447    41929    40027    38524    66362    37633     66314     38150  1235179  1830214  3768502  4125010
            4096      32    98369   107183    62022    62873    66697   106872    62741    106993     62159  1193808  1757925  3621537  3973321
            4096      64   145289   157237    95938    99337    99594   154835    98286    154635     98152  1262222  1780886  3474326  3730046
            4096     128   176880   197663   132227   134136   133350   199252   124764    197522    131683  1262593  1783289  3509816  3740604
            4096     256   257790   267537   203072   214135   212912   266789   202361    265906    207411  1216462  1638392  3136268  3235498
            4096     512   332197   341868   238901   271113   270434   336373   262244    345825    297415  1256774  1628607  2737912  2868663
            4096    1024   341848   370952   316709   344667   339015   374404   290864    370480    351831  1396532  1777753  2553941  2844440
            4096    2048   376777   369469   357915   369238   362354   344087   347800    390648    309665  1319619  2478054  2471992  2502236
            4096    4096   378980   385901   205757   408006   374339   214248   391360    368842    370672  1320025  1880498  2451183  2422154
            8192       4    21005    24932    16595    16698    14340    24440    14530     24761     14522  1098990  1423954  2571104  2760970
            8192       8    37201    39546    25388    25415    23176    40136    23008     39777     23254  1216885  1608164  2825913  3049913
            8192      16    59650    65936    39793    39768    38001    65689    37741     65673     37972  1265001  1696458  3004049  3221485
            8192      32    97769   106917    63507    62917    63734   106939    62885    106345     62481  1202953  1609143  2787400  3031882
            8192      64   144154   155696    99749    99382    99476   153201    96618    153238     98879  1273063  1724989  2897891  3002737
            8192     128   189021   197616   133629   134843   134586   197330   131370    198695    133526  1278558  1709881  2934020  3081920
            8192     256   199960   265800   202948   213033   214946   265388   207325    266309    199941  1198338  1610350  2803547  2903033
            8192     512   335325   343622   264430   274189   278449   342874   250497    342345    293462  1147014  1489704  2322733  2382815
            8192    1024   370392   371791   350385   349323   344607   382660   335394    375903    317569  1252596  1599704  2566303  2596557
            8192    2048   359047   388945   346208   365191   373740   354722   360676    384583    340610  1412655  1809187  2592247  2559993
            8192    4096   377078   371738   414068   421138   419369   382374   384690    375623    390874  1195545  2105401  2081802  2015848
            8192    8192   376385   381610   433212   437398   436764   379666   432547    386325    399686  1213061  1616411  2163193  2174005
           16384       4    20460    24204    13706    13174    14215    24734    14281     25045     14491  1090010  1442631  2696064  2842489
           16384       8    36466    40992    25662    25940    23459    40924    23417     40798     23282  1196623  1598580  3013905  3151285
           16384      16    59545    65369    39752    40240    38475    67854    38300     67647     37395  1275232  1713668  3164054  3333501
           16384      32    95985   106830    60516    60635    62861   106214    63307    107014     63516  1260704  1708597  3188867  3371278
           16384      64   143673   156822   100294   100329    99852   153618    98520    153608     98777  1236433  1651600  2596930  2611834
           16384     128   189095   196717   134723   134979   133983   198539   134462    199023    135096  1257221  1666742  2788282  2859878
           16384     256   258092   221663   195056   208019   211098   264830   213400    267315    211920  1143574  1535225  2572047  2562457
           16384     512   332758   342095   275727   274355   269049   340772   261753    342402    266839  1139120  1522842  2678098  2692157
           16384    1024   366598   366647   342875   344730   341738   368295   340066    372253    353065  1166282  1544195  2634463  2644297
           16384    2048   364681   348996   305489   339951   373687   353865   368295    364641    352898  1148870  1479371  2320991  2310845
           16384    4096   362133   373252   375245   380511   358959   368560   384303    330701    383818  1371624  1740579  2279343  2281234
           16384    8192   363643   370619   377163   417149   409991   384871   405021    380597    373979  1272446  2290206  2261490  2314815
           16384   16384   372084   376228   421737   373009   417905   381385   425094    376799    412405  1260496  1707918  2287613  2341953
           32768      64    92397    79326    89484    99861    90931    81913    76783    133659     99484  1264285  1706048  3073403  3125188
           32768     128   189032   196122   135000   134361   133704   195956   133742    197372    134307  1255519  1704969  3075948  3096322
           32768     256   259486   265075   213521   211886   210049   264100   211701    266103    211875  1164373  1591763  2969675  3054755
           32768     512   336130   343498   273269   274420   272639   337550   270447    298006    251593  1127521  1510105  2618942  2595253
           32768    1024   366959   377907   340097   345712   341212   366836   343710    369742    346846  1125618  1484048  2551411  2508064
           32768    2048   361889   311675   375878   377302   374803   358112   378056    374877    372135  1138448  1471464  2512098  2576136
           32768    4096   372105   381729   426129   421637   430099   378327   423555    374230    319597  1205014  1535376  2307462  2299663
           32768    8192   381643   387604   447081   444360   447252   386141   443999    385169    423961  1373224  1743733  2147993  2158925
           32768   16384   373637   388665   424356   463472   463531   389612   471977    388541    467179  1289020  2374475  2368991  2389378
           65536      64   143559   154333    96052    81478    80689   153249   100598    155608    100707  1243449  1694582  2983788  2985311
           65536     128   190023   197552   134993   135513   134634   196957   133799    187077    135007  1238072  1705199  3081148  3094398
           65536     256   256318   262738   205965   214331   214191   266241   211527    261988    213417  1160009  1575766  2986803  2985019
           65536     512   300278   341628   273268   274375   272044   339392   269843    338484    275529  1114595  1481407  2561488  2584026
           65536    1024   360674   369123   347746   348640   350001   367587   344015    371538    309369  1106020  1467175  2642782  2644612
           65536    2048   367414   362662   375044   374149   377256   344568   363447    369721    373905  1111287  1434361  2561010  2518193
           65536    4096   370423   345329   422017   424810   424744   377476   429088    382144    409303  1130009  1449878  2235873  2265095
           65536    8192   374545   384677   443860   440687   443992   387223   441468    387053    435339  1187265  1531030  2178565  2179308
           65536   16384   381657   387883   455212   463925   462135   385466   467877    385207    399147  1382763  1780530  2207485  2219606
          131072      64   141106   155094    88927    91249    99993   153439    97877    155392     97145  1245815  1676995  2984546  2959864
          131072     128   189762   194325   125238   103915   134449   199268   134805    196299    134221  1234244  1687528  3049120  3016694
          131072     256   248746   267610   203400   168918   170672   212472   213531    267944    212974  1159057  1537882  3008440  2997025
          131072     512   316365   341882   272669   273418   216697   203952   211433    339061    273137  1115848  1440098  2586370  2632856
          131072    1024   364514   363874   347594   347844   293420   268264   271254    269916    265192  1099448  1424094  2518479  2546075
          131072    2048   365342   367966   374276   374562   318244   296000   290859    299122    287367  1083615  1394025  2572212  2500756
          131072    4096   369545   380316   428363   429019   376429   347262   322745    353114    316667  1092265  1397206  2204112  2229045
          131072    8192   371618   357659   348838   443934   389880   367550   337709    378155    337119  1111599  1430695  2193339  2174066
          131072   16384   379578   385671   377947   384181   405826   390600   395371    380424    342957  1218741  1558729  2210102  2234281
          262144      64   134472   155848    90217    98749    97243   155092    98312    154496     98349  1245162  1676029  2965435  2955399
          262144     128   186457   197467   120001   134398   134557   197014   133671    195451    134340  1235391  1683053  3013914  2988113
          262144     256   251199   265879   185377   177041   212706   267513   213016    265442    212747  1149587  1530070  2900620  2908093
          262144     512   331822   329489   243419   214133   239417   340111   271882    339218    274124  1112816  1460990  2595300  2596692
          262144    1024   354954   360895   316005   267238   272697   270967   330602    365671    348963  1097066  1408171  2524329  2566770
          262144    2048   350012   364282   350297   288712   286236   302595   288679    365844    372203  1087756  1407114  2621599  2624823
          262144    4096   374909   365485   403253   325373   328120   344991   328431    341605    340775  1083274  1388570  2209088  2230048
          262144    8192   385218   370633   418656   339078   337415   363335   333149    371671    334640  1098403  1423845  2214820  2259060
          262144   16384   364929   383879   432672   346995   349544   376555   342889    377194    336682  1146465  1480646  2292594  2286510
          524288      64   144987   155507    94542   101543   101367   155139   100989    155226     92185  1242688  1689116  2974093  2997591
          524288     128   187042   198194   121075   135289   134837   195649   133700    194934    123982  1231873  1673129  2968368  2934441
          524288     256   256163   262405   183907   214601   213457   263657   212377    259387    181554  1150172  1529700  2974636  2981500
          524288     512   281381   319689   228266   255653   276021   333204   272892    328905    229100  1109923  1458178  2620746  2598468
          524288    1024   354781   364466   293760   268294   339040   360072   348179    362539    294181  1096593  1429423  2633567  2601757
          524288    2048   360368   361310   337282   290639   307175   365192   377253    364040    319647  1074157  1365564  2563203  2579306
          524288    4096   371996   375243   361137   325513   326953   340977   421997    372345    359455  1071668  1377219  2243480  2243913
          524288    8192   378444   377967   371936   333666   336760   360964   359510    379783    377208  1077478  1391935  2231790  2242483
          524288   16384   378393   377518   390763   350000   345725   373472   350078    377738    393183  1094983  1402394  2215252  2261062

iozone test complete.
