	Iozone: Performance Test of File I/O
	        Version $Revision: 3.465 $
		Compiled for 64 bit mode.
		Build: linux-AMD64 

	Contributors:William Norcott, Don Capps, Isom Crawford, Kirby Collins
	             Al Slater, Scott Rhine, Mike Wisner, Ken Goss
	             Steve Landherr, Brad Smith, Mark Kelly, Dr. Alain CYR,
	             Randy Dunlap, Mark Montague, Dan Million, Gavin Brebner,
	             Jean-Marc Zucconi, Jeff Blomberg, Benny Halevy, Dave Boone,
	             Erik Habbinga, Kris Strecker, Walter Wong, Joshua Root,
	             Fabrice Bacchella, Zhenghua Xue, Qin Li, Darren Sawyer,
	             Vangel Bojaxhi, Ben England, Vikentsi Lapa,
	             Alexey Skidanov.

	Run began: Mon Sep 26 11:24:02 2016

	O_DIRECT feature enabled
	Auto Mode
	Command line used: /root/iozone -I -a
	Output is in kBytes/sec
	Time Resolution = 0.000001 seconds.
	Processor cache size set to 1024 kBytes.
	Processor cache line size set to 32 bytes.
	File stride size set to 17 * record size.
                                                              random    random     bkwd    record    stride                                    
              kB  reclen    write  rewrite    read    reread    read     write     read   rewrite      read   fwrite frewrite    fread  freread
              64       4     4204     1980    17075    42274    41184     7812    20806      1860     17689   831569  1304314  2067979  2662899
              64       8     8355     8533    66878    71662    68886    20227    42108      8672     34557  1049372  1452528  2298136  3057153
              64      16    16000    16877    44658    96810    91684    24207    35242     18417     36364  1101022  1690338  2222043  2772930
              64      32    48013    39976    36300   123771   116568    22727    23263     24060     23324  1304314  2133730  2133730  2379626
              64      64   193285   233664   191629   198722   178860   242312    31116    232652     27294  1101022  1734015  1421755  1363961
             128       4     3375     3751    32512    42091    41692    18199    31250      2209     24426  1007629  1440082  2784517  3199360
             128       8     4670     7803    70448    73055    71670    26111    42595      8226     46511  1093856  1663139  2969325  3468030
             128      16    14683    10300    38671    92487    89690    16745    40050      7756     35232  1142750  1827299  2920861  3199360
             128      32    31471    33605    71833   127893   123452    41914    52246     35486     64974  1363288  2066432  1858934  2905056
             128      64    88158    82105   183683   200638   193969    84990    42940     48193     48873  1229084  2098744  2132084  2166499
             128     128   275204   211549   274080   271722   255433   323259   117302    329004    118624  1306873  2027414  1391557  1319723
             256       4     3395     1879    23437    34487    35745    16954    33970      3369     26098  1036624  1570244  3052087  3285566
             256       8     6647     7572    72336    73711    72605    29955    47059      4478     41165  1148625  1814348  3465855  2639446
             256      16    13304    14835    72233    90781    91066    50126    62438      9765     51395  1112909  1952947  3499745  3705040
             256      32    32241    31503    86628   129494   126847    63902    94537     31113     80782  1368162  2000242  3326279  3605511
             256      64    31793    58182   130612   207454   200781    84654   102939     63773    122185  1479379  2019049  2639446  2699161
             256     128    81425    58768   253431   284449   274347    83658    89293     94704    170575  1201314  2205688  2097948  2081678
             256     256   275261   392620   312242   320347   311427   338633   110106    398153    118634  1415041  2345409  1447470  1347557
             512       4     2845     3094    24697    24940    27347    12256    38055      2681     29364  1048675  1625889  2958758  3366987
             512       8     5148     4591    47922    61546    62007    29445    53012      4097     41894  1112797  1854787  3504346  3762197
             512      16     9440     9750    77636    93724    87581    47953    82889      9389     53809  1224470  1968713  3628697  3481620
             512      32    25221    13585    76268   129586   128155    80325    84487     32601    102938  1152822  1835760  3099691  3550700
             512      64    55459    54689   142663   209412   206037   128933    95470     28673    120727  1219602  1848401  2942541  2786024
             512     128   116896    59763   245797   290404   283803   156855   171185    145910    220507  1426135  2009236  2695115  2736325
             512     256   135412   156057   271324   273641   279627   214666   237138    269621    154076  1289930  2016784  2099600  2047551
             512     512   325287   349764   371871   341097   334404   399323   219381    342021    309177  1347393  1821745  2532990  2572435
            1024       4     2437     2769    25166    25214    25343    16663    30748      2590     29980  1032244  1568189  3311958  3345496
            1024       8     5057     6235    47663    47599    49152    19372    49124      7445     46045  1170352  1831694  3553066  3999762
            1024      16     9620    10766    74510    87312    75100    50257    68955     10028     65306  1233545  1892218  3923040  4126579
            1024      32    22062    18317    98755   105577   109076    71507    91030     24022     90378  1234964  1950656  3709575  3659010
            1024      64    37734    43274   160452   179617   180918   116021   137409     39154    176277  1311117  1822368  3345496  3314514
            1024     128    83983    56539   245977   255230   269618   136787   210014     64309    254413  1333093  1768345  3046495  2944166
            1024     256   137615   147422   244911   307512   272422   180477   213067    253842    198218  1340582  1858644  2467229  2398343
            1024     512   166802   235072   339072   346038   344539   189985   248295    255868    314193  1201790  1973059  2751762  2767722
            1024    1024   332587   296392   364945   352514   338058   354434   302083    341798    347466  1298041  1973059  2604895  2646630
            2048       4     2640     2659    25003    25278    25573    15222    31824      2713     27391  1063926  1582579  3292669  3402216
            2048       8     5533     5228    47241    47236    46419    29376    45447      5175     46720  1151187  1813827  3630870  3915540
            2048      16    10971     9723    84887    87498    71948    43969    65881     10379     69938  1257160  1955900  3855782  4038890
            2048      32    17916    20547    99669   102098   102293    59661    96933     22442     94517  1265681  1878893  3931669  4120256
            2048      64    35929    36713   167596   168298   166005   101080   150965     39640    157149  1245133  1817281  3569018  3690142
            2048     128    62905    83066   238942   234059   228748   152234   198754     75172    261228  1268110  1794877  3235617  3261415
            2048     256   108457   101758   235000   256639   270431   210595   209859    188807    242422  1212615  1643438  2684517  2649737
            2048     512   132538   140063   267326   283348   327412   232299   288119    229237    289273  1332432  1745990  2836079  2868277
            2048    1024   225897   249665   284013   293664   361456   231025   312966    228883    322072  1137768  1954120  2491420  2420514
            2048    2048   317912   273105   289059   289547   397814   192358   272265    198355    344026  1365257  2087567  2705656  2848305
            4096       4     2570     2627    25685    25712    25825    15131    31891      2611     26627  1026288  1501368  3022599  3379332
            4096       8     5066     5347    48557    48528    46827    27301    47756      5364     44907  1158703  1706585  3436794  3856480
            4096      16     9895     9934    87605    89334    72099    46105    67160     11357     66670  1235623  1845946  3717133  4112175
            4096      32    19405    19594    96439   102081   102050    65754    92175     19748     97547  1216118  1728390  3612399  4007615
            4096      64    35612    35831   167478   172165   171208    97612   151367     39015    159643  1246923  1760808  3433360  3593509
            4096     128    68058    63532   229392   234823   229622   143352   201070     79497    211450  1173023  1643565  2826656  3029528
            4096     256   105880    97593   223848   229441   227886   200001   235551    172217    253029  1193808  1643722  3200538  3340563
            4096     512   137991   160420   247552   283520   273613   239645   317693    188105    301666  1199392  1564536  2710696  2832715
            4096    1024   189847   183520   269100   259370   343564   273048   303634    249679    275863  1314067  1619702  2312601  2647616
            4096    2048   180330   229840   274089   286351   369310   231610   328205    191053    315999  1275151  2381196  2112416  2193882
            4096    4096   198689   184230   324021   308824   367030   211058   289902    243431    310870  1306970  1824383  2354114  2362206
            8192       4     2601     2682    25909    25922    21484     5544    30493      2647     26437  1043550  1429642  2483213  2701915
            8192       8     4503     4614    46267    48211    47194    27410    48451      5454     44769  1177679  1617324  2852186  3113760
            8192      16    10229    10210    88400    89108    68951    45907    67390     10738     66450  1260084  1734831  3039661  3334017
            8192      32    19101    19772   101227   103449   101832    66537    98118     20506     99827  1211479  1619305  2870294  3127933
            8192      64    35102    36738   173537   169400   169381   100210   158183     38812    162092  1238197  1669422  2902788  3032953
            8192     128    64103    63672   233243   234975   232290   140125   210543     79729    216393  1259160  1657664  2907947  3010630
            8192     256    95073   101978   237711   245866   236346   216233   225999    160027    229975  1166959  1558561  2819883  2933018
            8192     512   130093   137272   251410   278932   274494   206456   254258    216301    291500  1157056  1496516  2558468  2590683
            8192    1024   175383   186491   272484   317605   279552   201377   261424    193294    310821  1189132  1498148  2323989  2380009
            8192    2048   187889   204595   300061   289572   332454   189694   277336    185146    303451  1338788  1700993  2452024  2426568
            8192    4096   191602   202152   319275   325713   332103   198642   360452    179869    315867  1279415  2384138  2356828  2322733
            8192    8192   235091   179314   307209   307913   360513   185180   333577    180683    315380  1259345  1714831  2375074  2401635
           16384       4     2605     2659    23877    18166    17433    12551    32927      2634     26658  1041696  1432318  2671435  2792134
           16384       8     5201     5289    49648    49965    48280    27818    49636      5254     44346  1152666  1600777  3008495  3177073
           16384      16    10034    10155    90213    90614    69860    46226    68352     11047     66141  1261375  1724808  3198068  3347139
           16384      32    18582    19344   103380   104902   104815    70330    98660     20720     98862  1242064  1685424  3183254  3345673
           16384      64    35421    35939   171646   174492   172131    93463   162644     37750    161576  1230852  1668969  2941405  3064713
           16384     128    62023    62747   235232   236363   229954   147962   203786     73942    213194  1207982  1615795  2556451  2605200
           16384     256    97679   102346   243900   236643   236688   194208   235298    143583    234184  1150717  1548719  2986530  3066491
           16384     512   145169   149273   265581   274283   260439   194776   249460    195261    261075  1121807  1499809  2636586  2660575
           16384    1024   160936   194272   289796   263565   294708   218237   280577    197124    225795  1152589  1520819  2626107  2661914
           16384    2048   175380   170324   336773   311862   290414   205074   287186    181896    302136  1185865  1539869  2531868  2563126
           16384    4096   188495   189631   303036   344852   388107   179615   335908    188893    309313  1373131  1758664  2278058  2294947
           16384    8192   194056   192996   334196   305768   336426   238420   336193    203001    307156  1266723  2353341  2346912  2375797
           16384   16384   192515   175102   342104   314907   329730   190960   300922    190611    305017  1244043  1693398  2316063  2314815
           32768      64    35223    35284   173735   173431   172981   100431   160615     38308    161998  1234798  1668073  3045684  3127891
           32768     128    61659    62139   239088   234326   233179   143127   209121     80313    207642  1221594  1667001  3007100  3068463
           32768     256    96855    97205   227076   240694   240284   178543   231767    143791    235727  1125932  1514715  2723893  2770175
           32768     512   137091   132944   273970   260746   253295   181544   258453    183782    280425  1090882  1451955  2467627  2495088
           32768    1024   165724   165429   298899   274250   285724   204173   268137    194526    271881  1107960  1459340  2653527  2651531
           32768    2048   165454   162249   305020   297902   333360   183840   274117    176423    308826  1122887  1451005  2563642  2618293
           32768    4096   175493   165895   307449   327525   320366   188015   312558    181870    319684  1165835  1493255  2229277  2223218
           32768    8192   171830   169495   337022   307069   334825   187899   357120    185906    302067  1295679  1651795  2137670  2155066
           32768   16384   214464   181403   319270   318532   311571   186107   277173    195856    344368  1235464  2204815  2061549  2060899
           65536      64    34618    35000   175082   173973   132308    59530   114657     38138    162945  1206680  1643900  2867738  2926262
           65536     128    61630    62533   238559   239802   237535   148816   216135     76653    216142  1210916  1651614  2876772  2963968
           65536     256    95208    94558   236554   232143   221067   116783   184887     94852    189181  1135334  1538442  2919580  3004727
           65536     512   131294   131973   257566   255569   265822   200680   257904    194764    255431  1088027  1461457  2530759  2565815
           65536    1024   160043   160435   275519   263375   269325   219483   271557    186400    279644  1083976  1431195  2534352  2564020
           65536    2048   166182   165980   299949   303094   301125   184193   304692    177997    290604  1079952  1412986  2537323  2555510
           65536    4096   169920   159323   315900   322869   322923   191442   314033    188880    330254  1089467  1406652  2181989  2159906
           65536    8192   175611   181489   329126   312452   317750   186396   335268    180662    325075  1158474  1486446  2158481  2154573
           65536   16384   197510   180488   320720   316927   338780   174790   317556    194693    307378  1304384  1654159  2245151  2263677
          131072      64    34945    35407   138318    94434   117424    99550   163301     38361    163086  1209975  1654675  2960342  2978224
          131072     128    61614    62002   228750   155074   165036   115207   217622     77469    218623  1208672  1646094  2922463  2952742
          131072     256    96696    96490   234458   183384   185581   136336   235925    143715    234406  1122558  1520540  2969649  3018698
          131072     512   131642   135444   261024   261838   218447   150974   217815    189547    260244  1083525  1440573  2619908  2627270
          131072    1024   161085   164360   275772   270287   246187   175259   241613    166582    245859  1077530  1417145  2618136  2634030
          131072    2048   162729   163730   299550   299287   281609   170558   271013    171908    278654  1058782  1386609  2537157  2580967
          131072    4096   153541   155387   287711   277536   287877   162157   281415    179231    304744  1057662  1372023  2184649  2182169
          131072    8192   178985   177358   322031   329565   307612   176806   302383    177841    304822  1109896  1437838  2215213  2253413
          131072   16384   174417   190665   305942   313105   310561   190580   285764    192016    323057  1186557  1520360  2159556  2201931
          262144      64    34995    35509   116057   120022   174652   100679   162983     38394    163427  1212366  1655044  2948394  3005823
          262144     128    61781    62246   185949   157710   238646   144539   216793     77925    216708  1202732  1643328  2952003  3021277
          262144     256    96392    97056   210350   182859   224964   181915   236541    143358    235318  1120435  1502584  2914359  2955670
          262144     512   131970   127462   242611   222718   232235   207572   280407    192006    261436  1080017  1423356  2588512  2608866
          262144    1024   162172   162678   266802   252666   243050   192751   271263    193095    276418  1066179  1399204  2569662  2596765
          262144    2048   165641   164689   291987   281674   284411   169816   280723    182628    305362  1052186  1372963  2546398  2544890
          262144    4096   157829   153203   280067   276286   297275   164453   291906    175857    293705  1048325  1363444  2218328  2242886
          262144    8192   175256   178001   314530   304113   308483   181767   302642    178772    301403  1073753  1386747  2195051  2218739
          262144   16384   181598   187377   316998   310927   306710   191319   306087    188882    305685  1104112  1420743  2229062  2226408
          524288      64    34878    35596   119894   175656   174586   102594   163216     38371    126539  1210975  1656015  2916860  2991710
          524288     128    61882    62139   170819   239761   238547   141760   216188     77693    164394  1201013  1644850  2965714  2993433
          524288     256    96353    97143   204587   170004   237952   180990   192399    143020    237025  1124804  1516980  2976758  3018912
          524288     512   132133   136720   229204   249223   261413   200282   259388    190972    228652  1079739  1428223  2590341  2583779
          524288    1024   164359   166800   257747   260762   274499   211422   270226    185353    252446  1064291  1397098  2602675  2619344
          524288    2048   164062   164577   285177   281746   279134   184778   308251    180796    286629  1043525  1354206  2528174  2552300
          524288    4096   157049   166773   304818   299464   302322   169323   321878    182577    307271  1046009  1356452  2209343  2244776
          524288    8192   177073   175547   310583   307556   303830   179965   302146    180788    311538  1047832  1370658  2210487  2235093
          524288   16384   181844   184293   313518   312144   308998   187778   307863    189609    305109  1076529  1395790  2228509  2259083

iozone test complete.
