	Iozone: Performance Test of File I/O
	        Version $Revision: 3.465 $
		Compiled for 64 bit mode.
		Build: linux-AMD64 

	Contributors:William Norcott, Don Capps, Isom Crawford, Kirby Collins
	             Al Slater, Scott Rhine, Mike Wisner, Ken Goss
	             Steve Landherr, Brad Smith, Mark Kelly, Dr. Alain CYR,
	             Randy Dunlap, Mark Montague, Dan Million, Gavin Brebner,
	             Jean-Marc Zucconi, Jeff Blomberg, Benny Halevy, Dave Boone,
	             Erik Habbinga, Kris Strecker, Walter Wong, Joshua Root,
	             Fabrice Bacchella, Zhenghua Xue, Qin Li, Darren Sawyer,
	             Vangel Bojaxhi, Ben England, Vikentsi Lapa,
	             Alexey Skidanov.

	Run began: Mon Sep 26 08:45:36 2016

	O_DIRECT feature enabled
	Auto Mode
	Command line used: /root/iozone -I -a
	Output is in kBytes/sec
	Time Resolution = 0.000001 seconds.
	Processor cache size set to 1024 kBytes.
	Processor cache line size set to 32 bytes.
	File stride size set to 17 * record size.
                                                              random    random     bkwd    record    stride                                    
              kB  reclen    write  rewrite    read    reread    read     write     read   rewrite      read   fwrite frewrite    fread  freread
              64       4     1875     1892    17958    42807    41885     7675    12690      2615     26120   789967  1204796  2379626  2133730
              64       8     8319     8575    66529    66794    68377    19827    30858      8532     34187  1029254  1421755  2467108  3057153
              64      16    17120    17607    42082    91841    87786    23281    36056     18851     35108  1066042  1138375  1638743  2067979
              64      32    24131    15919   103730   126215   117026    23897    24853     25276     22988  1310683  2133730  2133730  2444640
              64      64   238015   231050   191629   199312   181767   242312   139461    241440     54695  1119387  1734015  1204796  1363961
             128       4     3443     3887    32636    42131    41764    17551    23791      1812     24619   859260  1359835  2784517  3199360
             128       8     7841     7973    70328    72444    71432    26556    40855      7258     43553   955616  1539168  3053774  3468030
             128      16    14260     7793    36302    96165    93632    17178    41966      7875     33861  1229084  1778862  3124872  3445772
             128      32    31411    31015    76143   128628   124137    42467    57972     34952     68271  1291158  2035099  2673584  2608629
             128      64    86608    69643   182807   205162   193969    45502    44443     47214     47528  1206978  2098744  2027414  2066432
             128     128   274782   179807   248114   252430   224556   319983   122831    334331    109391  1303699  1471662  1391557  1332828
             256       4     3197     1957    25658    34478    35779    17014    34491      3203     25837   981656  1463250  2975955  3285566
             256       8     6798     7493    72175    73268    72708    30125    47389      4420     41012  1153561  1743637  3511189  3823789
             256      16    13315    14689    71789    96971    96060    50373    78359     10979     52467  1117543  1871263  3557725  3823789
             256      32    31276    30060    89227   128841   126474    64922    94746     30928     83301  1312954  1755037  3368013  3605511
             256      64    32778    44498   125191   208097   201082    80830   104573     63318    112980  1534342  1763685  2783115  2228578
             256     128   153024    76735   269188   289902   270613    91563    92653     92152    108067  1201314  2205688  2081678  2065659
             256     256   348300   348752   347848   347848   319204   348752   258061    347848    102438  1422540  2371308  1495866  1398455
             512       4     3010     2833    23734    24814    27039    12042    37942      2955     29223   980673  1510391  3177664  3068685
             512       8     6378     3939    48480    62264    61761    28200    53040      4907     43515  1064794  1625889  3610395  3877684
             512      16    12166     7913    78504    93638    87403    45690    81267     12059     53848  1176828  1803387  3304808  3849877
             512      32    25801    15999    73977   127018   127904    61185    81787     28592    101849  1293037  1827947  3320137  3970896
             512      64    34817    56839   173033   208720   206037   112901   119905     34517    114821  1322500  1947291  2942541  3068685
             512     128   113175    72235   251969   294425   278250    93243   163832    133360    221737  1475116  1829505  2638816  2638816
             512     256   147890   150417   271736   291547   285843   210603   246050    271359    222426  1242896  2073249  2055390  2014892
             512     512   351136   361297   340017   325879   336395   398730   236825    400291    238826  1357615  2022482  2405320  2548017
            1024       4     2491     2967    24110    24651    25430    14873    32221      2491     29001   995171  1450117  3083680  3239514
            1024       8     6013     5760    47073    47103    48659    22967    49337      4935     47512  1144163  1646334  3709575  3643490
            1024      16    11724    10674    82734    87177    73526    36090    68270     11289     61849  1232130  1765437  3955557  4162573
            1024      32    20556    16953    97116   105220   108511    97440    96213     18573     90466  1137496  1756054  3680961  3794792
            1024      64    48694    33612   164736   183806   179805   142359   154401     34076    143395  1245710  1851434  3294177  3414650
            1024     128    78382    77511   224060   259298   247465   121543   183774    123270    183319  1262555  1805514  2877110  3112733
            1024     256   100559   176982   236705   290911   274161   191724   178616    131635    224905  1357961  1858644  2638501  2559871
            1024     512   271991   188270   316532   357919   336390   253722   285156    316929    297666  1202127  2003431  2723840  2767722
            1024    1024   333103   368356   264732   270246   362114   318906   362603    360321    236223  1245710  1925298  2326879  2255990
            2048       4     2582     2559    25302    25619    25918    15851    31242      2549     27766  1017908  1459680  3261415  3530875
            2048       8     5092     5072    48557    49187    48352    28527    47896      5121     45392  1130283  1648801  3751381  3771144
            2048      16     9471    10174    82232    89155    71359    41745    65575     12156     67341  1201254  1790388  3799501  4112366
            2048      32    20556    18863    94069   102109   102200    62752    97398     19609     91217  1227693  1813827  3857514  3892474
            2048      64    36879    36799   148965   167979   167553   108663   132883     39473    140823  1235996  1807720  3436240  3717289
            2048     128    64826    62616   232885   228008   234187   127188   191903     76133    261865  1263447  1791882  3374151  3402216
            2048     256   117998   108807   258851   270082   248876   201969   239983    146286    260555  1241175  1691329  3131805  3051697
            2048     512   195849   178615   292494   326157   329421   261730   218752    269439    304490  1285570  1708146  2715922  2702252
            2048    1024   194660   243087   365314   334306   317559   274046   298325    272550    245976  1237420  2162727  2767549  2790021
            2048    2048   280893   260555   284955   328992   390330   289020   364663    291700    318608  1165557  1841829  2146514  2056087
            4096       4     2617     2609    25582    25617    25945    15340    32144      2634     26732  1005623  1455081  3126565  3410865
            4096       8     5307     5372    48218    48334    47040    26686    48566      5472     44614  1115155  1640269  3571100  3930595
            4096      16    10127    10457    87189    88713    69669    46758    64230     11051     65045  1196552  1802940  3828122  4019805
            4096      32    18812    19090   101731   103152   103015    63927    96132     21879     98665  1209355  1766421  3730856  4128976
            4096      64    35259    35934   171286   172943   172340    93084   148604     39653    151614  1215086  1762615  3445064  3643812
            4096     128    61821    64043   242168   239685   235699   147603   173978     81815    192220  1158703  1678737  2961635  3105091
            4096     256   102095   111265   232189   236159   249860   211024   222511    150356    275381  1208929  1649720  3250804  3325046
            4096     512   151883   140005   258504   258519   289614   203478   267938    205169    260443  1205367  1571117  2776856  2927818
            4096    1024   216295   207981   264787   279798   291714   218185   314547    252761    292444  1341254  1708792  2592481  2900630
            4096    2048   222791   194178   279094   291922   321962   202691   325235    191234    282309  1298180  2385494  2455738  2542602
            4096    4096   212480   214934   340142   301069   324253   286131   393656    224474    310628  1290864  1766239  2284312  2305154
            8192       4     2576     2629    25912    25900    21015     5436    32287      2686     26509  1009369  1373795  2554474  2782659
            8192       8     5289     5248    49454    49589    48112    27455    49150      5299     43920  1139520  1543646  2848403  3095805
            8192      16    10009    10392    87342    89505    69916    46340    69086     11585     65643  1193842  1627358  2973374  3196312
            8192      32    19009    19181   102929   103614   103240    72321    96828     21435     97630  1243440  1665054  3007204  3308336
            8192      64    35155    35529   168126   174428   173364   106236   158232     38535    162246  1205570  1601568  2496020  2666686
            8192     128    60335    63803   234285   235565   232503   145444   218308     79437    208862  1237082  1667074  2900827  3025209
            8192     256    97879    97069   234888   241687   232462   219742   230889    147147    231307  1163955  1559127  2857404  2995407
            8192     512   143212   123060   253660   268301   258536   206706   255114    198045    288939  1114388  1437176  2293431  2398953
            8192    1024   176255   182857   301319   292237   278356   203694   319275    232140    302935  1199594  1561891  2531513  2598914
            8192    2048   232008   203670   285643   366974   308524   190524   308619    202481    297242  1380529  1765223  2546522  2550492
            8192    4096   198748   202742   289508   294083   319263   196865   340465    229351    368762  1204514  2125589  2095258  2060825
            8192    8192   189222   185637   330789   309155   327863   200559   286465    230274    319774  1237617  1680034  2304969  2328083
           16384       4     2593     2681    23738    17681    16890    12971    28622      2623     23272  1003793  1342733  2660987  2807878
           16384       8     5306     5270    49770    49874    48333    26728    49676      5314     44164  1124727  1520113  3021326  3145228
           16384      16    10087    10101    91499    91238    72571    45420    68000     11037     66328  1149928  1552708  3052054  3189311
           16384      32    18599    19180   102392   103855   104925    69719    98636     20509     98896  1231867  1677647  3218890  3407047
           16384      64    35199    35360   173925   174952   171416   101252   162158     39135    161758  1230389  1676419  3002842  3105992
           16384     128    62738    61945   234875   234603   231507   144063   210132     80478    215412  1185865  1573111  2378264  2500271
           16384     256    92237    99490   230864   233387   232028   186431   232436    144429    232833  1129088  1537664  2766617  2859403
           16384     512   137004   133702   272599   266962   279867   194500   267773    190332    270649  1100342  1446579  2325941  2384535
           16384    1024   176399   160696   273595   300651   286875   225011   273605    187453    271613  1154293  1526665  2621499  2666666
           16384    2048   181259   147214   290373   303783   328120   206366   302494    208713    299038  1195666  1562630  2576483  2562074
           16384    4096   182894   189664   315654   308683   308156   199998   326543    190409    323226  1329099  1701195  2094033  2072622
           16384    8192   203126   202704   328738   323346   323979   194803   308899    200215    302054  1282108  2362159  2342911  2359806
           16384   16384   201416   197927   320952   318012   316018   179564   306649    211934    293325  1245644  1715422  2379334  2394256
           32768      64    34923    35791   170735   173211   173015   102509   159731     37861    160430  1210661  1658872  2946500  3001846
           32768     128    60885    62177   236624   236279   235147   142220   213849     79022    216470  1191094  1619046  2688302  2761270
           32768     256    96076    95031   235302   232783   239112   181079   234487    132029    227087  1111760  1498857  2676262  2710089
           32768     512   135834   139211   264486   279721   265388   195150   258855    195010    254742  1089066  1468556  2602921  2581410
           32768    1024   156034   166436   258555   281058   288740   211093   268849    183711    269210  1081134  1438070  2430835  2457127
           32768    2048   166189   176657   297315   304872   303267   219539   300758    180393    289127  1086544  1415527  2327114  2337882
           32768    4096   182266   174586   312174   317858   299927   187263   330056    193814    295361  1141938  1453783  2018465  2031623
           32768    8192   188443   196106   311216   312575   333927   182445   337744    213788    313015  1310142  1664800  2180296  2162492
           32768   16384   209280   187183   344407   305854   337957   181387   316486    195892    276724  1272738  2332565  2286350  2302398
           65536      64    34840    35153   172989   174024   133311    56914   110641     38683    163615  1211386  1664617  3032807  3082426
           65536     128    61819    63473   238855   239685   237497   149609   218051     77262    216828  1204375  1634798  2959788  2979874
           65536     256    97685    97415   235694   233673   223799   118167   180128    100382    185499  1123092  1523343  2949688  3013291
           65536     512   133453   134540   262172   256257   258045   210894   262676    185693    258178  1083562  1452675  2505956  2517708
           65536    1024   165271   163601   267972   277756   277063   205429   280331    182371    271480  1078710  1446902  2581066  2590333
           65536    2048   159714   174127   298511   294325   308928   203167   310877    186941    309339  1073147  1406746  2538870  2521588
           65536    4096   178738   178815   315595   316819   312258   195861   331669    202416    293906  1114292  1441681  2291225  2292984
           65536    8192   180303   190290   309891   311884   315875   189027   308936    191539    323176  1159583  1481344  2118996  2176978
           65536   16384   191726   180335   322964   319837   317676   188598   321248    198315    315180  1321154  1693256  2245829  2272548
          131072      64    35005    35163   137287    92760   117888    99410   163381     38129    163221  1203778  1635575  2842410  2860766
          131072     128    61234    62131   230163   152930   163983   107475   214831     77964    216550  1202341  1644278  2952060  2989837
          131072     256    96240    96309   231493   188728   190198   131619   232316    144064    237927  1117340  1510775  3010104  3049323
          131072     512   135546   137540   260031   223577   214671   154757   216181    195605    260224  1080051  1443190  2617139  2653866
          131072    1024   166497   164214   278254   272338   250443   177146   243665    162499    243183  1074317  1402124  2575948  2625212
          131072    2048   154218   154559   282913   285360   272672   173355   279273    164273    309856  1055372  1369658  2510910  2528452
          131072    4096   178532   177742   308920   312977   310204   176328   289567    183191    291432  1060649  1373648  2156287  2189897
          131072    8192   176992   183471   291147   298592   294186   182955   298892    189816    299081  1116902  1436989  2246039  2286031
          131072   16384   189975   188317   301269   302170   300378   185889   303578    199069    314969  1166588  1498512  2109505  2150761
          262144      64    34983    35598   116782   122063   174802   101699   163787     38510    163722  1201431  1643144  2926141  2966499
          262144     128    61602    62291   183172   155670   237156   144811   217109     78133    217048  1195050  1622146  2867786  2909124
          262144     256    96437    96973   208995   181812   224408   180041   235423    144059    235978  1106676  1493638  2943350  2983799
          262144     512   133577   129200   241211   219225   235436   200604   260342    192846    261032  1076103  1426997  2559546  2581305
          262144    1024   161195   163614   259680   253499   243666   196705   273974    186512    276397  1074074  1410878  2597771  2629223
          262144    2048   163658   162578   298667   283942   283518   172056   280602    182322    306002  1049734  1374482  2531029  2558873
          262144    4096   175600   174808   310444   295978   300299   180431   293056    187857    296010  1047562  1361066  2228412  2248215
          262144    8192   182266   184869   311610   306222   304123   186948   297526    185200    305251  1060152  1373452  2185426  2215364
          262144   16384   190164   191350   310634   301797   306912   191714   301401    197432    301946  1103216  1444965  2251594  2278757
          524288      64    35147    35663   120746   175788   174812   102483   163254     38439    126868  1202605  1643855  2935099  2952518
          524288     128    61715    62753   170200   239954   238717   143490   215894     77656    162157  1190089  1622484  2968316  3010983
          524288     256    92374    97396   196204   230052   235955   179517   233134    143398    192395  1110018  1510289  2981250  3018961
          524288     512   132454   135440   232115   250184   264085   201562   261239    191638    226591  1079235  1437074  2567924  2596372
          524288    1024   165454   169264   256160   257732   274699   210697   273324    190417    254304  1061213  1396109  2549037  2598544
          524288    2048   166551   167860   289435   284674   282881   186430   309208    178322    288602  1037994  1355631  2511992  2564797
          524288    4096   168623   172540   302290   296491   294735   180362   301905    195052    299729  1044458  1365062  2229360  2260251
          524288    8192   183554   179779   309077   306188   304114   187201   304833    193197    308068  1044706  1351340  2221079  2254710
          524288   16384   189942   188736   310155   304706   305832   189045   303393    190107    303469  1065496  1389317  2231990  2245480

iozone test complete.
